70391
66739
64716
69786
76483
74475
62288
52823
43705
36699
31992
31516
35466
40900
49298
54584
60233
64378
73935
73566
67868
67361
69262
72170
65902
61992
57964
57876
59103
58384
59808
49190
44098
39122
34040
32449
32422
35623
42812
51235
57152
60411
65970
61723
63502
63090
62253
59284
70577
70309
64106
60599
59997
60187
60890
51076
44788
40063
45075
40038
41483
42313
49330
58643
63125
72643
72711
72483
69757
65977
74749
69136
68278
65542
65698
69624
82257
69910
62087
53892
44442
37859
32229
32345
37409
42109
49816
55562
60472
65698
68362
65719
65562
61841
62634
64640
59485
59987
59914
71559
69656
63613
57543
50291
41656
36352
30765
33673
38174
42067
47996
53754
61330
65111
66248
65175
62661
63573
64964
64467
62877
60289
59447
61719
61629
58740
57311
48721
42014
37704
32283
33051
35204
41465
45375
48127
56568
62774
66377
65009
63891
63002
63587
63597
60192
58317
58511
61033
68423
80800
68760
54082
45821
38647
34705
33110
36479
42397
48144
54440
62937
69355
72900
73871
74444
74065
72843
77905
71924
69533
66736
72108
70465
65263
59694
53170
47657
40135
35506
34358
35964
42204
49636
52170
59078
64444
65261
61097
60265
58863
59763
58175
54415
51434
51194
53941
59335
60667
58309
47369
42432
36705
31886
30769
30295
33737
39004
47499
51506
57912
59379
58324
56156
56815
55142
53027
52076
50492
48967
48231
48195
51456
50279
45832
39626
36093
32481
29587
30318
32979
37687
44133
51530
54869
59572
57982
59237
56707
56486
59871
57023
53901
56183
60392
66109
67153
58171
53885
42579
34165
29433
26737
30682
35899
46815
53815
58254
64883
70593
70736
70849
68681
73233
70708
65149
62919
65766
71160
80097
86946
88822
62183
47082
36714
31577
29564
36510
44807
55311
60857
64018
69482
73401
73774
71195
76298
91779
89374
75236
72009
69181
70523
72475
71748
63643
54650
45934
37123
31719
32922
38709
43353
53069
68820
72307
84418
91394
85905
83768
85034
86532
86732
83845
78806
77570
80953
82910
83623
78070
64011
53739
43967
38195
36514
39609
49028
58404
65343
70093
75192
77522
76991
77337
81780
80652
77933
76711
69038
66453
68812
68986
67019
59815
54520
49014
41767
35901
32779
35237
41722
50068
58097
62760
69750
74672
97005
86549
78244
80884
80420
73175
68693
68157
66520
70440
66945
60075
53600
47073
41813
37800
35461
36957
41480
49345
56155
61884
66055
66797
65327
62785
60174
64432
63793
58507
56209
52553
54186
57655
56089
55498
48507
42682
38727
34701
34823
34948
36039
43829
49134
54134
62257
61552
63559
59677
58414
62265
61103
56487
53762
55397
61663
64473
63494
58181
50993
47469
43537
38930
37704
40030
42442
47692
55219
60814
65836
68931
68658
65714
66022
69612
77035
75111
69771
69260
69934
71818
70308
64890
53883
48565
39696
33889
32258
34643
39796
48041
52788
58557
65105
68575
68611
68183
66903
69070
71592
72231
66496
66327
66329
69513
65269
61100
55144
46432
40656
34670
32357
35189
39999
47230
51703
60466
66376
67349
66171
65886
62893
65351
71215
65651
61550
59597
63323
65360
66730
62491
55969
48965
41617
35032
34589
34988
43530
51506
58389
64271
72017
73869
72990
70796
70821
69800
73266
69133
65638
63148
63214
65722
65346
61294
54977
48801
44190
36192
32654
34639
39198
47223
54945
61978
66554
68634
66402
64902
64004
63856
61729
62306
58377
56404
54365
57177
56090
55988
49843
43077
37108
33387
30920
31620
32875
39865
49758
53078
57851
60915
60925
60375
58450
58496
57052
55386
54449
54487
55892
56168
58257
54723
52073
45440
38099
33202
30022
29342
32460
39626
47220
57276
61814
65597
65361
69113
66730
65055
63618
67867
62328
69212
70979
69682
82837
70936
57035
51658
42280
34172
31803
36388
40403
46475
53399
60371
63640
66656
67951
64993
65163
68361
73048
66266
64183
61255
62880
65534
66629
61508
51529
44075
37040
32720
30565
33464
36729
49224
56833
62173
64556
68373
68828
68037
67739
67102
71772
70608
65068
64481
68001
70523
66742
60331
57075
44886
40094
35670
32312
34053
40365
46792
54228
63550
66900
74249
77623
75752
76214
81850
80144
73260
65842
63135
68485
66476
64161
61447
55144
46504
39372
33939
32952
34801
40308
46749
57540
67527
76513
81882
82154
81164
81201
79499
77026
77565
72609
74087
77049
82128
79663
72823
63357
55578
45478
38076
36603
39942
48188
57120
62012
68020
71498
73431
71186
71034
68863
67676
64365
60657
58338
56601
59387
62531
58363
56816
51326
44011
39460
33694
32110
31338
35525
40791
48328
56988
59717
60013
58293
58461
59029
56171
53365
