44423
43256
44996
51365
51138
47889
43621
35822
31087
27586
24751
27325
33609
36959
38567
41105
47650
51431
53462
48051
47542
47565
50635
48236
43450
39314
38661
38025
38091
38804
35748
32264
28282
29101
23964
23673
23767
27190
31732
34508
40214
41682
44667
42646
41324
40472
41365
41622
49718
57550
48344
47009
47280
44032
44080
36699
35905
33424
30419
28606
29483
40757
52449
55097
57650
60446
61059
61542
58713
51644
58814
51414
51549
48384
47779
46979
50779
48817
41941
37281
32615
28214
25417
25077
28539
31394
34892
41237
51109
54208
52205
51381
51910
51185
49345
50090
45970
43679
45149
47069
44386
41362
37418
33004
29770
26207
22336
25713
27837
31096
34109
38435
42336
44043
46328
48362
47142
45882
46267
47979
45750
41935
42010
43489
43004
47636
42643
35714
31918
28773
27110
27611
30800
32862
36152
40125
45313
59792
60524
55700
55905
53921
51355
53935
48021
47074
44452
45589
50040
48567
44314
37946
31617
30748
29358
28976
30236
35045
41648
45753
64059
66114
83874
64940
57206
52202
50492
53797
49879
49789
50253
47560
48899
47110
40553
35993
32827
26679
25762
24813
27283
33268
38038
42390
50819
49551
49037
48186
43239
46905
44735
41475
38681
37378
35988
38275
39423
42529
35988
30446
26758
23874
21821
21965
21531
23843
29887
35258
38125
40662
40786
39352
36740
37607
35786
36686
33408
31363
31404
33268
34195
34370
34066
31215
27447
24520
22523
21464
21402
22315
27337
33063
37742
40517
41408
40720
41152
39892
40585
41497
60541
42484
40101
41542
46360
46394
38611
34165
28227
23564
21316
21588
25562
27148
32007
35939
39805
41631
44615
44975
40981
41864
42881
44689
42193
40943
45144
49802
50177
46671
40216
34046
31716
25680
22725
22795
25562
29754
37265
47683
47822
54423
57470
56261
56380
61838
79829
79096
64177
61988
56802
57838
59970
58139
47664
44311
37248
31283
28184
27402
31539
35538
39469
46902
49709
50943
54206
50388
59454
51639
51437
53375
51256
48596
50431
48944
50213
47070
43289
40177
36880
30374
27114
27880
29718
35707
42504
48641
51756
56824
56868
55258
53194
52912
53379
55123
52101
49042
45321
47607
49606
49933
46625
40732
35696
29489
26231
25237
29705
34352
41735
49443
52341
58968
63469
56615
51074
52276
50230
49190
45439
42865
38236
39310
40424
39579
36576
33312
29927
26713
25787
23087
22839
26333
30996
34512
37149
43759
43689
42231
41066
40488
37908
38041
36031
34700
34551
36661
35776
37424
33799
30800
27992
24338
24713
23156
23849
27135
29360
33756
41303
48225
44985
43495
42773
41353
39707
40029
39433
38041
37355
41905
41021
40571
36521
32996
32565
30518
24946
25249
27080
30070
32086
35866
38259
41161
43054
44660
43036
44098
42835
44551
42716
41721
40881
41594
43225
43064
38895
33799
29037
24207
22722
21962
24102
28064
31902
36739
39496
45355
43637
43391
47800
48992
47206
46582
43615
40889
44475
45415
44532
42177
39021
33809
28496
25104
23534
23032
23818
27072
30667
36074
37817
41603
44300
40721
40955
40300
42685
46275
43693
41023
39112
40725
44700
44114
40094
34614
31102
26857
25533
26019
26241
30756
32938
38447
40511
46561
47288
49998
46833
49569
48226
48291
48741
45753
44060
44190
45551
46725
45180
40322
35160
28827
25107
24321
25492
29548
33655
40320
47000
50435
53607
51766
49336
49640
48519
50075
50433
45235
43966
42673
43133
43097
41307
37000
31909
29989
25174
23151
23815
24686
29601
36617
38996
44087
46318
47330
49130
46503
42494
44693
43767
40058
40550
41267
43001
42660
40462
33913
28713
26587
24655
22931
22618
25976
28277
34117
39848
44216
43720
42001
42415
41590
40334
40692
40224
37843
40029
42186
43827
47012
43535
36297
32410
28212
23717
22820
22809
25960
30549
36689
40919
42244
45623
46230
44232
44576
45013
45059
45621
42219
44312
47471
47517
46567
47671
40338
33853
29721
27337
27027
27075
28601
35250
41637
47463
51603
52578
51376
53536
53400
50559
52377
49038
49238
48839
56488
47652
45427
42515
37801
33818
28212
26714
24130
28260
30777
37703
43748
47481
47212
48519
44985
45345
46803
47628
48884
48193
46491
45612
47467
47993
46883
44023
37028
31849
27848
24203
24542
26701
30406
36602
41924
44466
49106
48300
47257
46760
47379
47721
46573
44839
42077
40358
44061
43564
44794
40996
39220
33727
27942
24256
24455
26297
31419
35637
39783
41526
44988
45272
44391
45344
41611
43544
40960
38865
35597
35863
39307
43197
39089
38716
34281
31298
27691
24321
23516
22943
26529
30311
35495
39721
41649
42549
40697
41182
38367
34778
35465
