749436
717723
697970
737501
736467
724208
657163
592011
533847
495687
457368
494788
543039
594983
659545
718481
766661
841665
795279
766025
747831
729331
735368
733351
689178
646103
621205
623605
663367
628764
593165
546074
497496
469435
464672
467398
486768
528668
610166
664161
696512
760413
763179
731207
712763
727351
737154
743943
754490
755111
679640
663187
666423
652562
622002
561021
508570
483524
465118
482975
485307
528142
600691
663697
743630
818218
802205
772234
843160
884382
936406
956837
795909
707769
707997
725773
751265
689080
630400
578257
522518
482505
454413
461260
511429
572241
657515
701417
744778
782752
793784
793365
764928
769533
756062
750554
706395
701453
687598
696451
709136
686880
647107
585772
518498
468517
437675
433088
490799
553687
633975
709779
783826
823312
811640
785988
760033
757469
753366
742488
708700
669579
686691
698649
700296
678566
643794
580617
517482
491363
456922
469423
511581
577904
648755
705457
736948
792162
792782
774537
749683
756345
753650
742839
705731
668156
654267
690335
706030
717525
667252
578017
531967
495193
471451
483239
519125
582322
648728
712255
774255
878642
849354
808746
782207
764840
752930
778941
730410
717427
702669
728246
723652
693859
655829
615053
571608
511123
481151
493565
524194
588341
650709
711281
762658
822967
808393
777157
748772
733268
710755
708330
663171
624667
604452
651735
664502
654769
610185
531866
482301
449194
432816
437107
446236
502279
573300
639978
677391
740125
755688
745944
702113
689034
683164
665952
627365
602140
578270
584316
601405
592378
584090
533704
474720
452803
432667
430291
446577
493147
572693
633168
681970
737675
734834
713362
706658
705472
692017
726043
698860
640438
646951
654928
683128
672568
634760
561178
498827
450775
418006
424146
470707
548475
631666
684943
730524
810358
785071
766649
723614
727328
736910
743649
675420
661428
673775
730206
736792
763125
732644
602676
524001
473019
432446
439115
489703
551204
653547
727561
753938
770830
781806
756234
740584
756893
756219
753332
704034
673962
680618
689139
691406
672547
634250
580463
520192
470142
433716
467813
514539
570808
647170
725702
771917
809108
822541
781504
774281
760357
761228
772115
739611
689021
677900
696837
697115
681767
640138
589937
545556
499591
458706
452740
498718
563945
624205
689521
742228
799459
797221
773495
749270
753930
748244
741541
713110
678806
667332
698757
689983
690336
658123
615687
562068
515565
482489
487292
527844
583249
660129
748534
786666
803935
825340
847847
804278
758619
741844
732694
696631
657248
646497
646459
652730
637815
608167
561681
518991
502961
479555
457225
483642
512512
594410
658734
702363
736177
730484
727218
699025
682370
657085
650393
638647
616536
605962
613330
645142
644611
612603
566219
521411
504585
487980
483606
513804
553644
626075
705669
741124
833827
869147
824167
789334
791669
750742
738335
707287
682833
695931
711844
719524
692611
655117
591359
547192
504160
459766
476666
504880
558285
621843
674462
714773
752199
760412
738012
720088
709229
710843
711971
690039
664652
676216
680982
685825
675172
624921
570585
528850
476614
432137
450954
487566
554493
617290
699763
725021
781254
769363
748784
743787
749800
738601
729014
716572
660345
678009
696396
744482
706805
665855
597456
549897
503041
476624
467942
524432
583544
657822
734202
768944
792024
787894
771937
760639
764620
733096
729034
688506
662419
674198
694941
713389
689427
652172
598027
552377
521247
483454
502306
529385
588171
657675
718059
755659
786239
788454
773501
782801
754051
758825
737774
711174
706109
702084
683360
685747
671550
640207
591726
540289
505790
463405
476425
501138
559630
626085
705118
741733
784300
775060
756883
725208
734037
723715
716328
698542
667575
644365
654953
682310
646500
612411
552185
506941
493588
493340
454032
458994
504110
581624
654097
709494
737087
757748
726185
705886
676714
665994
664231
657932
624201
617562
617171
621682
616014
583647
535725
491215
457605
436373
432127
449740
501118
545485
619721
683857
728733
732034
707648
703696
693489
682319
693324
673923
653754
712972
754812
761780
779916
674768
608543
543745
494359
444839
468315
515400
569727
639980
691535
742424
778643
802611
773582
769854
757460
746647
742844
700502
670853
681755
689570
688376
707603
643814
585326
529914
483500
444846
446392
493735
544000
627232
690379
749912
771289
777001
763132
751920
754427
751928
748697
730709
721741
694820
709674
712493
699839
659499
606896
553713
508618
461543
458233
510344
570835
647127
719448
780287
789048
812833
787852
780431
761568
770288
755165
719981
671015
659832
670279
690160
666720
636887
589695
543279
505641
458775
465813
503979
557317
625980
694642
755615
789845
798365
800551
778301
790538
774870
768523
738745
706206
680768
688656
690845
689379
668596
622226
591129
542273
495973
497280
541241
601558
666469
716009
756614
799982
805358
781274
765146
735545
723922
714945
684735
663637
664552
668328
704416
667681
654576
598196
542533
513437
477743
478313
483027
542790
603980
667643
704725
743552
755652
724925
698525
677621
662637
655216
