103518
99323
98084
97780
99157
100473
93159
80695
73178
67291
65405
67497
73360
80402
88297
102806
104449
117546
113373
107311
103234
103283
105468
104528
100079
96217
86244
88158
90518
89147
87069
79309
70479
66940
61432
60881
66415
75221
82221
87704
98977
116562
108857
105959
107271
104343
98827
101044
96003
93780
90604
92697
96672
94642
90517
82903
75916
70581
65788
66223
67957
68145
78914
85913
96784
105403
106000
107424
110964
117144
117472
115424
103266
95054
92430
90891
94443
93142
87271
78491
70099
63719
58430
57570
64686
70431
79570
88217
96462
106140
117461
109660
106984
111062
106564
107277
105641
96880
96193
96711
95739
93947
89441
82890
73379
65643
60985
56655
65024
72351
81357
91413
97971
105061
107595
105687
103138
122796
110002
106557
99041
91759
89182
92475
96408
94156
89150
81045
71631
65777
60839
62306
67736
75770
83768
89447
94307
106285
108572
106344
104271
102749
107195
108921
100600
94479
91302
94843
94495
91060
84033
77821
68675
64949
67016
63866
69554
76876
86993
91916
101865
124030
113641
105027
100828
100425
97728
101720
96075
93462
91182
90781
92382
90636
87126
82955
72177
64844
63652
65409
68741
77605
84061
91712
99088
108465
113768
107753
105889
102582
96499
98231
94849
88584
87735
90538
96376
97248
89553
80863
74878
67152
64041
64374
65757
72091
81345
90778
99233
114049
126634
124987
116856
115148
112460
120108
108930
99328
96937
93567
98538
92145
89309
82661
76051
70870
67290
63490
62826
70158
81210
94321
103464
110800
113519
107422
107879
107912
105015
106879
99703
93841
95178
96813
102476
98162
92177
82311
74135
64295
58854
59569
63870
71966
90639
94481
101345
119325
115643
112853
109020
111215
113211
107979
104786
96903
97556
100618
105554
99291
95299
83770
76865
67020
60786
60492
65931
74903
84701
93624
99684
104874
108834
104637
104263
114648
110890
109171
103593
96641
95676
93261
97124
92576
83207
78918
72649
62938
59326
64253
66990
74192
83065
92836
101049
113366
116270
117619
109902
110298
110390
108465
102455
95054
95507
97264
100602
93772
90262
82974
75530
67991
61776
61953
68392
74801
83984
93588
99115
105391
105464
107256
104957
110514
108550
108048
104257
99041
94202
98582
97975
97279
93687
85413
77101
68296
66025
66919
69956
79941
96057
101458
114267
115407
110510
122537
116130
110800
110815
115525
107474
98638
92850
92575
96365
94371
93003
86504
78216
74106
73232
66580
69368
74510
83611
94844
100572
108930
112361
107896
104689
105103
100747
99673
99271
93889
93342
91940
93419
95676
88197
82258
76865
72879
69520
71357
72989
77267
91526
98695
109819
126229
121375
126656
126640
138393
122915
123924
115333
106333
106503
106866
107688
103172
100714
89556
83554
75026
67958
69803
72894
85317
91083
100720
109306
117526
118281
116199
116642
115749
114499
116513
114376
104665
108402
100886
104187
97870
93459
84151
80662
73032
65205
69173
69283
79040
90752
97528
101716
108054
112499
111873
110172
109637
109758
108707
102721
97008
98540
98312
103637
98018
94942
86652
78380
70879
65377
64738
71031
77719
86779
97946
102398
110439
111475
109759
112933
112390
109262
108602
103657
98886
97919
98746
102823
101167
93778
88300
80430
72622
65105
66286
74412
79781
90392
103104
111176
112253
113760
110731
151147
124392
118083
115519
110525
102888
98207
95945
99817
95032
88335
81641
77233
71077
64095
66160
67194
74580
84223
97396
102046
107929
110753
107377
102292
103269
104841
104180
97308
94334
90622
92693
96857
95191
88079
78005
73151
69244
64701
62334
63706
66743
80040
88744
90969
94273
102234
100936
98205
98376
95127
95155
94095
91164
86528
91551
89716
89202
82828
76823
72869
67011
63282
63473
65618
70240
74471
85412
94091
99997
102935
101172
99721
101871
99770
96985
98250
94929
95548
98609
99038
103207
93983
86379
77958
70474
64654
65904
67760
71366
83322
92237
98058
101902
104094
102791
105200
105036
106065
107179
97732
93215
92238
95028
93926
93990
92690
81923
75624
67728
60560
60738
64695
69970
83518
89968
100091
105973
106084
103210
104412
105485
106354
105454
100243
100717
95381
93552
98755
94053
88977
85621
75556
67731
63048
60579
65442
71632
81962
93115
98548
104333
105093
105689
105395
103895
102891
103354
96971
91915
90500
93788
93851
93446
87747
81832
75130
68295
61696
62180
64314
70717
79764
90278
97059
106115
108662
110750
107879
115185
107780
104883
100631
95345
92364
92076
93853
92477
90092
83466
76106
70298
62950
64339
65922
73533
81630
90800
99900
108003
110831
109903
106577
107550
101324
99028
92787
89603
87403
87868
91462
90602
87602
87431
74785
71012
66254
62503
66298
77194
80028
88025
93350
99534
100262
99639
93565
94238
92372
91692
