274904
255570
239199
261663
279744
273553
228042
189661
160006
139343
128850
130119
149486
173020
194548
218571
234807
243917
258763
256027
249233
239815
242702
239141
225324
215477
201599
198019
207940
206080
194576
171622
147584
130117
116070
111753
116015
126042
147821
175729
197942
218072
227432
223209
226452
218943
250807
233674
243146
251586
229326
233214
235552
235467
215623
191469
169059
152811
144769
136400
147705
157826
178116
201775
221716
249358
254479
255888
265372
270519
296888
287938
251517
240998
250225
265079
290721
257107
222413
184840
157214
145725
130117
129818
151768
165145
190246
222406
247325
280109
301607
266639
258249
251405
245179
242411
222028
206276
213585
218006
225609
213481
197873
168882
147174
128897
113664
117373
131274
150708
192109
215991
233142
239875
243084
232624
225373
232616
224796
222301
222174
207285
215681
218815
225763
215044
193047
167964
143013
130207
116386
115160
134033
157351
171592
197526
208420
216568
228378
225260
222356
223135
228695
233064
215584
206115
201983
229031
246085
272928
243091
177337
147905
124999
109838
109793
121384
138216
160321
184051
226152
267026
288113
257978
234500
229187
222012
252730
233556
214124
223793
251314
244313
223746
200424
181863
166704
137225
121853
125562
136765
155909
176985
187564
205871
229504
229519
220525
213309
215844
204985
199673
186256
178222
174644
194895
207952
249769
197013
156745
136978
119955
110800
105397
107180
117772
151968
164144
178821
204047
227553
220483
202019
198586
191890
188391
177106
172826
163507
164128
173345
172759
169395
149560
132430
121701
110170
104107
106434
114172
136895
158342
185025
199801
203904
202203
201883
202683
196368
203840
198299
184926
191559
204028
211347
216413
195285
168877
144030
118806
102756
102732
113051
133636
161658
183230
205969
230937
242973
243098
228604
229346
231123
227645
216760
211189
215458
250624
264728
296828
269250
188146
157547
126116
111530
105875
120935
143602
174197
196122
209171
224106
235616
233581
222716
238352
262152
254903
236948
226549
225945
231332
235989
240158
213237
183507
161792
140240
123641
128631
138835
155821
192564
220305
231715
250725
270109
264117
244821
234645
242919
250230
238711
220721
223323
233140
250927
243741
226038
194935
165150
139244
121256
116753
129354
153123
193796
211397
231169
259387
267660
266439
256053
254316
256173
255440
243837
227546
215505
235791
228969
229115
212039
183952
164167
142792
120878
115439
127031
144802
175128
201716
214409
245408
249599
313856
300645
242715
257901
258269
236228
218331
213518
214623
219351
218871
200677
176607
156023
144492
128176
118282
122736
130363
154141
173126
198113
213293
217045
213162
208230
207487
203702
204014
197706
195001
186928
186167
202543
206406
206618
174587
150124
136932
121617
117261
118297
131720
158646
181051
209125
240977
256910
233766
232526
220519
217638
215276
210041
206943
212110
219477
231054
218344
200526
177610
161793
135658
122291
121381
130942
145349
164488
182207
196308
213005
221100
222247
222854
221133
230577
238356
238323
229202
233486
238481
240744
233465
208904
178648
158144
129474
112150
110045
121367
140001
164000
188104
203975
222245
231284
235955
250736
240824
233172
233687
243445
217677
224924
243407
288516
261780
232431
197019
170308
142409
123913
121969
137495
155813
177906
203197
219938
237293
248041
245802
245001
250657
259339
252115
239811
229628
230135
238841
258221
240597
223757
195244
170365
151079
128136
127489
141961
160617
183922
211866
234761
255538
263090
260713
326691
273986
257569
260650
250227
237786
244467
233913
234694
229540
219528
191681
165152
146289
127283
125117
132788
151480
172717
199662
216774
229487
237821
232450
213364
212156
210433
216498
219224
210313
209594
209132
217838
223520
208248
183016
162338
141866
122323
114616
115932
128046
147879
182540
200434
222314
229770
225860
214198
209189
205209
202437
199481
190173
188959
192119
190547
196661
184106
163358
142787
126086
111478
106605
108807
120965
139625
167341
199555
210256
221501
212780
211033
210160
202707
213762
209998
197214
223510
237237
237818
260620
225076
187657
162942
139094
114201
114449
142535
165542
189140
222096
242902
247466
257246
256555
247346
241291
244263
243647
228516
229238
242841
259714
263088
261476
232045
201524
172677
145361
124072
121842
135573
157016
200680
231399
248312
255781
266303
257580
272423
266453
268777
273014
260010
251166
249217
247749
257432
244333
223035
193400
165701
139714
118166
117778
133790
161609
188124
217514
239775
247989
262818
251502
249658
249310
270064
262133
244045
227060
225943
234549
245791
241791
222765
202301
171769
143804
122737
120721
130449
155022
180959
226496
257445
280577
286873
283713
281111
280451
274103
266078
261256
242670
235656
243617
247565
255167
239303
211769
178399
152483
127866
126201
140268
170358
198513
237696
249344
256006
256941
250657
250273
232100
229820
221291
212652
205236
201013
211121
224615
212119
203011
178868
158033
142726
129697
129257
139656
143512
162941
207588
220405
229640
226747
221213
214619
205288
195393
196015
